Bal Acc: 0.8209277695403516
                precision    recall  f1-score   support

 (-1040, -890]       0.71      0.67      0.69       994
(-1190, -1040]       0.66      0.67      0.66      1004
(-1340, -1190]       0.65      0.66      0.66      1069
    (-140, 10]       0.99      0.99      0.99     13616
(-1490, -1340]       0.62      0.63      0.62       938
(-1640, -1490]       0.59      0.59      0.59       854
(-1790, -1640]       0.60      0.62      0.61       899
(-1940, -1790]       0.60      0.60      0.60       888
(-2090, -1940]       0.63      0.59      0.61       870
(-2240, -2090]       0.68      0.66      0.67       981
(-2390, -2240]       0.62      0.61      0.61       843
(-2540, -2390]       0.64      0.65      0.65       840
(-2690, -2540]       0.68      0.65      0.66       831
(-2840, -2690]       0.69      0.70      0.70       933
  (-290, -140]       0.91      0.89      0.90      1862
(-2990, -2840]       0.76      0.76      0.76      1037
(-3140, -2990]       0.83      0.81      0.82      1281
(-3290, -3140]       0.87      0.87      0.87      2219
(-3440, -3290]       0.90      0.89      0.89      2527
(-3590, -3440]       0.84      0.88      0.86      1826
(-3740, -3590]       0.84      0.83      0.84      2302
(-3890, -3740]       0.81      0.83      0.82      1747
(-4040, -3890]       0.42      0.39      0.41       233
(-4190, -4040]       0.51      0.50      0.50       248
(-4340, -4190]       0.52      0.46      0.49       260
  (-440, -290]       0.80      0.81      0.80      1021
(-4490, -4340]       0.66      0.64      0.65       504
(-4640, -4490]       0.84      0.91      0.88      1450
(-4790, -4640]       0.73      0.53      0.62       279
(-4940, -4790]       0.65      0.79      0.71       140
(-5090, -4940]       0.65      0.61      0.63       111
(-5240, -5090]       0.60      0.65      0.62        85
(-5390, -5240]       0.72      0.68      0.70        68
(-5540, -5390]       0.76      0.53      0.62        36
(-5690, -5540]       0.50      0.62      0.55        29
(-5840, -5690]       0.82      0.80      0.81        69
  (-590, -440]       0.71      0.69      0.70       775
(-5990, -5840]       0.43      0.75      0.55         4
  (-740, -590]       0.69      0.69      0.69       737
  (-890, -740]       0.68      0.71      0.70       800

     micro avg       0.82      0.82      0.82     47210
     macro avg       0.70      0.70      0.69     47210
  weighted avg       0.82      0.82      0.82     47210